[?25l[0m[7m[38;2;12;16;22m [0m[38;2;0;0;0;48;2;12;16;22m     [38;2;12;16;21m┊    ╴ ┊         [38;2;11;15;20m┊  [38;2;12;15;21m┈  [38;2;12;16;21m╴       [38;2;11;15;21m┊[38;2;12;15;21m╶     [38;2;11;15;20m╵  [38;2;11;15;21m╵  [38;2;11;15;20m┊              [0m
[7m[38;2;12;16;22m [0m[38;2;0;0;0;48;2;12;16;22m      [38;2;12;15;21m╶   [38;2;11;14;20m╷       [38;2;12;16;21m╵  [38;2;12;15;21m╵ ┈       ┊     ╴                    [38;2;11;15;21m┈[38;2;12;15;21m╶    [0m
[7m[38;2;12;16;22m [0m[38;2;0;0;0;48;2;12;16;22m       [38;2;12;15;21m╵   [38;2;12;16;21m┈       ┈ [38;2;11;15;20m┊ [38;2;11;14;19m╵     [38;2;12;15;21m╶[38;2;161;162;163;48;2;20;23;29m▁[38;2;143;145;146;48;2;27;30;35m┎[38;2;160;161;162;48;2;20;23;29m▁[38;2;12;16;21;48;2;13;17;23m┈[48;2;12;16;22m            [38;2;12;15;21m┈          [38;2;11;15;20m╷      [0m
[7m[38;2;12;16;22m [0m[38;2;0;0;0;48;2;12;16;22m          [38;2;11;15;21m┈           [38;2;12;15;21m╵    [38;2;185;185;186;48;2;24;27;32m▗[38;2;93;95;97;48;2;25;28;33m▏[48;2;12;16;22m [38;2;199;199;199;48;2;39;42;45m╺[38;2;227;227;227;48;2;84;85;88m┏[38;2;155;155;156;48;2;29;32;36m┗[38;2;23;26;31;48;2;12;16;22m┈[38;2;25;28;33;48;2;15;19;24m╷[38;2;176;177;177;48;2;22;26;31m▃[38;2;12;16;22;48;2;13;17;23m┈[48;2;12;16;22m         [38;2;11;15;21m╷     [38;2;12;15;21m╷[38;2;11;15;21m╵     [38;2;12;15;21m╵    [0m
[7m[38;2;12;16;22m [0m[38;2;0;0;0;48;2;12;16;22m           [38;2;11;15;21m┈ [38;2;12;16;21m┈      ╶     [38;2;203;203;204;48;2;26;29;34m▗[38;2;223;223;223;48;2;86;87;90m▘[38;2;67;69;72;48;2;215;215;215m▚[38;2;215;215;215;48;2;35;38;42m▗[38;2;238;239;239;48;2;47;49;53m▆[38;2;254;254;254;48;2;250;250;250m▇[38;2;246;241;238;48;2;98;99;102m▆[38;2;219;160;130;48;2;52;53;56m▖[38;2;201;201;201;48;2;78;80;83m┗[38;2;32;35;39;48;2;182;182;183m▚[38;2;179;180;180;48;2;34;37;42m▋[48;2;12;16;22m        [38;2;12;15;21m┊          ╴    [38;2;11;14;20m╴  [0m
[7m[38;2;12;16;22m [0m[38;2;0;0;0;48;2;12;16;22m       [38;2;11;14;19m┊ [38;2;11;15;20m┈ [38;2;12;16;21m╷            [38;2;12;15;21m╴[38;2;12;16;21m┈[38;2;15;19;24;48;2;233;233;233m▌[38;2;55;57;61;48;2;214;214;214m▊[38;2;223;223;223;48;2;26;29;34m▍[38;2;30;33;37;48;2;229;229;229m▎[48;2;254;254;254m   [38;2;200;75;3;48;2;208;176;160m╹[38;2;20;23;28;48;2;125;125;125m▉[38;2;235;235;235;48;2;36;39;43m▌[38;2;189;189;190;48;2;45;48;51m▊[48;2;12;16;22m   [38;2;12;16;21m┈   [38;2;11;15;21m┈        [38;2;11;15;20m╴   [38;2;11;15;21m╷┊     [0m
[7m[38;2;12;16;22m [0m[38;2;11;15;21;48;2;12;16;22m┄ [38;2;11;15;20m┊ [38;2;12;15;21m┈   ╴     ╶    ┊  ╴  ╵[38;2;21;25;30;48;2;98;99;102m▉[38;2;213;213;213;48;2;64;66;69m▚[38;2;208;208;208;48;2;89;91;94m┗[38;2;72;74;76;48;2;25;29;34m╸[38;2;56;58;62;48;2;230;230;230m▅[48;2;254;254;254m [38;2;12;16;22;48;2;205;205;205m▗[38;2;21;25;30;48;2;125;122;122m▇[38;2;216;216;216;48;2;57;59;62m▝[38;2;40;43;47;48;2;159;160;160m┛[38;2;208;209;209;48;2;22;26;31m▘[48;2;12;16;22m        [38;2;12;16;21m╶   [38;2;11;15;21m╶   ╷     [38;2;11;15;20m┊┈   [0m
[7m[38;2;12;16;22m [0m[38;2;0;0;0;48;2;12;16;22m                          [38;2;12;15;21m┈[38;2;12;16;22;48;2;15;19;24m┈[48;2;13;17;23m┈[48;2;12;16;22m [38;2;15;19;24;48;2;215;215;215m▋[48;2;254;254;254m [38;2;245;245;245;48;2;36;39;44m▌[48;2;12;16;22m  [38;2;12;16;21;48;2;16;20;25m┊[48;2;12;16;22m              [38;2;11;15;20m┊[38;2;11;15;21m╶╵          [38;2;12;15;21m╵[0m
[7m[38;2;12;16;22m [0m[38;2;0;0;0;48;2;12;16;22m         [38;2;11;14;20m┈                 [38;2;12;16;21m╷ [38;2;12;15;21m╴[38;2;41;43;47;48;2;248;248;248m▌[48;2;254;254;254m [38;2;243;243;243;48;2;46;48;52m▊[48;2;12;16;22m                     [38;2;12;16;21m┊         [0m
[38;2;11;15;21;48;2;12;16;22m╴   [38;2;12;16;21m╵   [38;2;11;15;20m╵          [38;2;12;15;21m┊           [38;2;54;56;59;48;2;246;246;246m▎[48;2;254;254;254m [38;2;253;253;253;48;2;165;165;165m▉[38;2;59;61;64;48;2;12;16;22m▏    [38;2;11;15;21m╵    [38;2;12;15;21m╶  ╵   [38;2;11;15;20m┈  ╴    [38;2;12;15;21m╶     [0m
[7m[38;2;12;16;22m [0m[38;2;0;0;0;48;2;12;16;22m       [38;2;11;15;20m┊  ╶              [38;2;11;14;20m┈    [38;2;12;16;22;48;2;201;201;201m▆[48;2;224;224;224m▆▆[48;2;17;21;27m┈[48;2;12;16;22m       [38;2;11;15;21m╶ [38;2;12;15;21m╷                    [0m
[7m[38;2;12;16;22m [0m[38;2;11;15;20;48;2;12;16;22m╴         [38;2;12;16;21m╵     [38;2;92;94;97;48;2;17;21;26m▁[38;2;236;236;236;48;2;12;16;22m▂[38;2;232;232;232m▂[38;2;12;16;22;48;2;18;22;27m┈[38;2;112;114;117;48;2;24;28;34m▁[38;2;237;237;237;48;2;12;16;21m▂[38;2;230;230;230;48;2;12;16;22m▂[38;2;12;16;22;48;2;17;21;26m┈[38;2;114;116;119;48;2;12;16;22m▂[38;2;237;237;237m▂[38;2;228;228;228m▂[38;2;12;16;22;48;2;16;20;25m┈[38;2;113;114;117;48;2;12;16;22m▂[38;2;237;237;237m▂[38;2;231;231;231m▂[38;2;12;16;22;48;2;13;17;23m┈[38;2;131;132;134;48;2;12;16;22m▂[38;2;237;237;237m▂[38;2;193;193;194m▂ [38;2;167;167;168m▂[38;2;237;237;237m▂[38;2;189;189;190m▂ [38;2;142;143;144m▂[38;2;237;237;237m▂[38;2;214;214;214m▂ [38;2;176;177;178m▂[38;2;237;237;237m▂[38;2;171;172;173m▂                 [0m
[7m[38;2;12;16;22m [0m[38;2;11;15;21;48;2;12;16;22m╴               [38;2;181;181;181;48;2;12;16;21m▝[38;2;22;25;29;48;2;153;154;155m▂[38;2;183;183;183;48;2;93;95;98m┑[38;2;96;99;102;48;2;21;24;29m▏[38;2;32;35;40;48;2;246;246;246m▋[38;2;229;229;229;48;2;36;36;36m▎[38;2;33;33;33;48;2;229;229;229m▌[38;2;205;205;205;48;2;14;18;22m▎[38;2;16;20;25;48;2;228;228;228m▌[38;2;88;88;90;48;2;173;173;173m╏[38;2;131;132;133;48;2;202;202;202m▗[38;2;156;157;159;48;2;19;23;28m▏[38;2;12;15;20;48;2;229;229;229m▌[38;2;72;74;76;48;2;173;173;174m▂[38;2;60;62;66;48;2;216;216;216m▇[48;2;12;16;22m [38;2;50;53;56;48;2;243;243;243m▍[38;2;7;7;7;48;2;223;223;223m▇[38;2;30;30;30;48;2;222;222;222m▎[38;2;12;16;22;48;2;12;16;21m┊[38;2;13;16;20;48;2;226;226;226m▎[38;2;181;181;182;48;2;76;76;76m▅[38;2;79;81;84;48;2;200;200;200m▂[38;2;12;16;21;48;2;12;16;22m┈[38;2;23;25;27;48;2;219;219;219m▎[38;2;52;55;58;48;2;222;222;222m▇[38;2;194;194;194;48;2;75;77;81m▅[48;2;12;16;22m [38;2;31;33;37;48;2;229;229;229m▎[38;2;218;218;218;48;2;89;91;94m━[38;2;34;37;41;48;2;160;161;162m▇[48;2;12;16;22m      [38;2;12;15;21m╶      [38;2;11;15;20m╶   [0m
[38;2;12;15;21;48;2;12;16;22m┊   [38;2;11;15;20m╹            [38;2;114;114;115m▝[38;2;32;35;40;48;2;219;219;219m▅[38;2;29;32;37;48;2;232;232;232m▅[38;2;88;90;93;48;2;18;22;27m▏[38;2;183;183;183;48;2;12;16;21m▝[38;2;32;36;41;48;2;227;227;227m▅[38;2;28;31;36;48;2;232;232;232m▅[38;2;86;88;91;48;2;17;21;26m▏[38;2;155;155;156;48;2;12;16;22m▝[38;2;114;116;119;48;2;25;28;33m▏[38;2;183;183;183;48;2;26;29;34m▝[38;2;96;98;101;48;2;17;20;25m▏[38;2;159;160;160;48;2;12;16;21m▝[38;2;113;115;118;48;2;21;24;29m▏[48;2;12;16;22m  [38;2;201;201;202;48;2;27;31;36m▝[38;2;33;36;41;48;2;220;220;220m▅[38;2;23;27;32;48;2;216;216;216m▅[48;2;12;16;22m [38;2;188;188;188;48;2;29;32;37m▝[38;2;12;16;21;48;2;77;79;81m▇[38;2;25;29;34;48;2;163;163;164m▅[48;2;12;16;22m [38;2;202;202;202;48;2;32;36;40m▝[38;2;33;36;41;48;2;220;220;220m▅[38;2;30;33;38;48;2;221;221;221m▅[38;2;12;16;22;48;2;12;15;21m┈[38;2;18;22;27;48;2;170;171;172m▅[38;2;32;35;40;48;2;220;220;220m▅[38;2;194;194;194;48;2;37;40;44m▘[38;2;12;15;21;48;2;12;16;22m┈   [38;2;12;16;21m╶  [38;2;12;15;21m┊         [0m
[7m[38;2;12;16;22m [0m[38;2;0;0;0;48;2;12;16;22m   [38;2;11;15;20m┈    [38;2;12;16;21m╴         ┈  [38;2;12;16;22;48;2;11;12;16m▉[38;2;152;56;1;48;2;22;16;18m▅[38;2;153;56;0;48;2;52;25;12m┓[48;2;12;16;22m [38;2;115;43;5;48;2;44;24;15m┏[38;2;156;57;1;48;2;54;27;15m┍[38;2;41;19;11;48;2;11;15;21m▏[48;2;12;16;22m  [38;2;185;67;0;48;2;48;25;15m┏[38;2;137;50;1;48;2;21;16;18m▅[38;2;55;25;11;48;2;12;15;21m▏[38;2;179;65;0;48;2;26;18;17m▗[38;2;170;63;3;48;2;31;19;16m▂[38;2;126;49;7;48;2;17;16;19m▎[38;2;94;36;5;48;2;13;16;21m╺[38;2;179;65;0;48;2;42;22;14m┳[38;2;26;16;13;48;2;13;16;21m╴[38;2;166;60;0;48;2;35;21;17m╺[38;2;124;47;4;48;2;23;16;18m▅[38;2;76;32;8;48;2;12;15;20m╸[48;2;12;16;22m  [38;2;11;15;20m┊    [38;2;12;15;21m┌         ┈┊   [0m
[7m[38;2;12;16;22m [0m[38;2;0;0;0;48;2;12;16;22m  [38;2;12;16;21m┊ ┈  [38;2;11;15;20m╷  [38;2;12;16;21m┈[38;2;12;15;21m╷      ╷  [38;2;12;16;22;48;2;11;12;16m▉[48;2;132;47;1m▄[48;2;113;42;2m▄[48;2;12;16;22m [38;2;13;16;21;48;2;65;29;12m▉[38;2;141;51;1;48;2;12;15;20m▘[48;2;12;16;22m  [38;2;11;15;21m╷[38;2;149;54;1;48;2;30;21;19m▝[38;2;12;16;22;48;2;131;46;2m▄[38;2;49;24;12;48;2;12;15;21m▏[38;2;147;54;2m▝[38;2;80;32;6;48;2;16;16;19m▝[38;2;104;40;5;48;2;12;16;22m▘[38;2;12;16;22;48;2;21;18;20m┈[48;2;136;50;3m▄[48;2;14;16;21m┈[38;2;52;23;10;48;2;29;20;19m╵[38;2;12;16;22;48;2;122;45;4m▄[38;2;86;37;12;48;2;22;18;20m▏[48;2;12;16;22m    [38;2;12;16;21m┊       [38;2;12;15;21m┈   [38;2;11;14;20m┈  [38;2;12;15;21m╷[38;2;12;16;21m╵ [0m
[7m[38;2;12;16;22m [0m[38;2;0;0;0;48;2;12;16;22m    [38;2;12;15;21m┈   [38;2;11;15;20m╷     ┈                   [38;2;12;16;21m╵        [38;2;12;15;21m╷   ┈[38;2;12;16;21m╵╴      [38;2;11;15;20m╴       [0m
[7m[38;2;12;16;22m [0m[38;2;0;0;0;48;2;12;16;22m   [38;2;12;15;21m┈      [38;2;12;16;21m┈           [38;2;11;15;21m╴  [38;2;12;15;21m┈     [38;2;11;15;20m╴                    ╷    ┈   [38;2;12;15;21m╵  [0m
[7m[38;2;12;16;22m [0m[38;2;0;0;0;48;2;12;16;22m [38;2;12;16;21m╴    [38;2;12;15;21m╶    [38;2;12;16;21m┈       [38;2;11;15;21m╵[38;2;11;15;20m╵     [38;2;12;15;21m┈ ╶   ╷         ┊ [38;2;12;16;21m╴        [38;2;11;15;21m╴  [38;2;11;15;20m┊   ╶  [38;2;12;15;21m╶[0m
[7m[38;2;12;16;22m [0m[38;2;0;0;0;48;2;12;16;22m [38;2;12;15;21m╴[38;2;11;15;21m╴     [38;2;11;15;20m┈  [38;2;12;16;21m╵    [38;2;12;15;21m╵ ┈ [38;2;11;15;21m┊      ╵       ┈      [38;2;12;16;21m╴  [38;2;11;15;21m┈     [38;2;11;15;20m┈[38;2;12;15;21m┈           [0m
[?25h